10  10 20
0 0     0 0     0 0     0 0     0 0     0 0     0 0     0 0     0 0     0 0
0 0     0 0     0 0     0 0     0 0     0 0     0 0     0 0     0 0     0 0
0 0     0 0     0 0     0 0     0 0     0 0     0 0     0 0     0 0     0 0
0 0     0 0     0 0     20 20     20 20     20 20     20 20     0 0     0 0     0 0
0 0     0 0     0 0     0 0     0 0     0 0     0 0     0 0     0 0     0 0
0 0     0 0     0 0     20 20     20 20     20 20     20 20     0 0     0 0     0 0
0 0     0 0     0 0     0 0     0 0     0 0     0 0     0 0     0 0     0 0
0 0     0 0     0 0     0 0     50 11     50 11     0 0     0 0     0 0     0 0
0 0     0 0     0 0     0 0     0 0     0 0     0 0     0 0     0 0     0 0
0 0     20 32     20 31     0 0     0 0     0 0     0 0     20 32     20 31     0 0
0 0     20 33     20 30     0 0     0 0     0 0     0 0     20 33     20 30     0 0
0 0     0 0     0 0     0 0     0 0     0 0     0 0     0 0     0 0     0 0
0 0     0 0     0 0     0 0     0 0     0 0     0 0     0 0     0 0     0 0
0 0     0 0     0 0     0 0     0 0     0 0     0 0     0 0     0 0     0 0
0 0     0 0     0 0     0 0     0 0     0 0     0 0     0 0     0 0     0 0
0 0     0 0     0 0     0 0     0 0     0 0     0 0     0 0     0 0     0 0
0 0     0 0     0 0     0 0     0 0     0 0     0 0     0 0     0 0     0 0
0 0     0 0     0 0     0 0     0 0     0 0     0 0     0 0     0 0     0 0
0 0     0 0     0 0     0 0     0 0     0 0     0 0     0 0     0 0     0 0
0 0     0 0     0 0     0 0     0 0     0 0     0 0     0 0     0 0     0 0
0 0     0 0     0 0     0 0     0 0     0 0     0 0     0 0     0 0     0 0
0 0     0 0     0 0     0 0     0 0     0 0     0 0     0 0     0 0     0 0
0 0     0 0     0 0     0 0     0 0     0 0     0 0     0 0     0 0     0 0
0 0     0 0     0 0     0 0     0 0     0 0     0 0     0 0     0 0     0 0
0 0     0 0     0 0     0 0     0 0     0 0     0 0     0 0     0 0     0 0
